0.372550246323275,0.526848649312551,0.253613960858983,0.348511658904109,0.875524792650671
0.151385518439322,0.051792912127478,0.983771650681348,0.682527647262751,0.0698348631611897
0.90295037007031,0.236374436941404,0.211269800418099,0.743501260236106,0.594970605096035
0.254682582834417,0.0297738193344029,0.90772998028547,0.672489046169396,0.0110034802834020
0.243210238644348,0.468210193014469,0.221899757761589,0.452356741366809,0.94626884780818
0.10641094145308,0.160946018409377,1.14203342717692,0.71910931478235,0.0341874278333358
0.661157727221539,0.162144899068372,0.244519712047389,0.775624492033398,0.492321002430131
0.826197070619468,0.301177108517526,0.259926321620913,0.650920511401529,0.824669043538866
0.837807986472097,0.101603890244485,0.360006119215036,0.619088898407145,0.551607908340108
0.737886149142105,0.267142408280304,0.0743380287600018,0.89704074502232,0.465000200832621
0.0674552374456955,0.164407201217973,1.06703896332241,0.630015253901117,0.0152689882170925
0.22187241612615,0.465357318793343,0.285502620082276,0.412140278845417,0.888855384180132
0.140159661017548,0.529729837484228,0.365428054338133,0.363784628011478,0.961840955417518
0.9331180612643,0.141956039168256,0.289825092440059,0.619342828789008,0.755684868938233
0.784672367661287,0.222491464468797,0.303007992928692,0.684874051196385,0.736643426576726
0.819214898978606,0.128766134155863,0.303215977980313,0.718404556065064,0.477501742827953
0.334814446481671,0.418421363070762,0.212117081875519,0.435339699586033,0.787645661045799
0.916687053195771,0.163384016471560,0.378010031469966,0.587046834186607,0.59746008225326
0.953693317827474,0.181282099773281,0.307748753161348,0.600001445238951,0.591393353323649
0.216827065920784,0.445659548457935,0.302331990435939,0.358240932338229,0.849576988372626
0.213856785562122,0.476124554958903,0.342207931801446,0.276199198927146,0.86612571632085
0.278817907402780,0.536504079617233,0.301764868857539,0.46298367444838,0.892090784066811
0.288551705071585,0.501395982551366,0.220719803293730,0.436785716725478,0.9405791375831
0.750185678395027,0.22453113800957,0.314710415927754,0.72665304138466,0.564870211801946
0.263990584562392,0.521376559012004,0.327870406438884,0.371543403240092,0.854913695692926
0.279308606273853,0.529539435445174,0.273067661186276,0.414421186168273,0.927053123963289
0.143920234147147,0.0380529492194239,0.956424579979964,0.716666604154116,0.0395952331160238
0.173608704903572,0.0735353771594618,1.00369573037462,0.68714390108984,0.091791852603021
0.283268574798404,0.424548492890361,0.226550803046356,0.501678558305837,0.82526766665427
0.759784872898602,0.184580078964079,0.258466044087471,0.716791347248615,0.623450051205259
0.826401844479341,0.215318230799437,0.355995336886249,0.598365115811899,0.667949176902509
0.821724409395227,0.205822028942637,0.204945538870890,0.703997850450278,0.616576590397124
0.824461364333075,0.137127440684604,0.279271316089671,0.632893400981425,0.659775266995842
0.794871005069873,0.0420356082941524,0.29738281823196,0.632933335714624,0.684213459639781
0.179504579722186,0.0905662293454166,0.869431072781997,0.897716080135568,0.0208898292670002
0.402794748989875,0.509323466074812,0.306893624647907,0.223549709381605,0.790026197012866
0.0242975227600753,0.108200468309990,0.991425466557873,0.78897308238653,0.124756398826461
0.262979893492077,0.495872002373148,0.231215466508554,0.407610979566443,0.96874064370104
0.105545342116091,0.102678106267787,1.08100721000829,0.690001889349087,0.153122498505094
0.215698387763999,0.425800008790176,0.341448990963857,0.399285261570078,0.761665887178861
0.149841305765376,0.151014006880670,0.9831767990535,0.8548906010032,0.228181977313928
0.84052934771955,0.14176312446271,0.164191339254567,0.74364598042997,0.665860450349458
0.781643386589433,0.14629401955149,0.352329566804656,0.665874943727279,0.585088585165099
0.76179809231249,0.114850808157905,0.226111886898683,0.745945506084955,0.646241489262452
0.181851458843750,0.497545993866546,0.210971979252051,0.58609471368445,1.02440458214869
0.643258964688545,0.257752832620023,0.118262300520063,0.905533593201516,0.525751395208311
0.160834471266767,0.422500648557562,0.253427599317451,0.518166963134519,0.905307800644682
0.192056009544904,0.135320567746557,1.06188472187867,0.641940585174464,0.205515033468252
0.810448962196123,0.237044337954567,0.322189525191989,0.656608699002334,0.641492757511244
0.153301851688924,0.155589348291912,0.965842132837573,0.727357550590252,0.118622936248337
0.596641242536956,0.0951910163673414,0.0930492181324447,0.898736218502258,0.552189052447064
0.81244876720631,0.192865102554834,0.320863331247353,0.643116959438765,0.648174068124991
0.900579770640497,0.279732149551238,0.0857604358492529,0.773147151312448,0.70764194765488
0.163793598861369,0.466036306050084,0.293935432676350,0.423603633290643,0.925415265137502
0.732545271743146,0.0870249541809596,0.0436971925757287,0.866782377710011,0.592157720082701
0.201746808510211,0.143097830085858,0.827243317837658,0.847376534669789,0.152627038251678
0.143277326006776,0.0440620298606387,0.936613848107715,0.763586301629519,0.00266526673398637
0.243289188414439,0.526930378689141,0.321145517231166,0.461889978974432,0.868375615733121
0.84162993983838,0.162295315911635,0.161585454176460,0.752794429981012,0.564849922342234
0.240013677052487,0.43022466629489,0.204034684177005,0.496105280584205,0.914648713675823
0.819812037713974,0.416702916768498,0.232324829550174,0.754214190680419,0.567833887001414
0.314731126013935,0.447091250660044,0.233655270057421,0.403823659211941,0.843189650139375
0.141967911832313,0.420969913511123,0.273551067798078,0.553319338832836,0.87767240819054
0.0760498206338804,0.114824042292394,0.99383713848896,0.750415982939135,0.0495399454578415
0.232504478535175,0.0367521297225822,0.909910364739749,0.649535074769289,-0.0327410787026156
0.25785766224686,0.481797809329356,0.283375512445390,0.417626799685351,0.87833029871241
0.796169277704841,0.174883155509469,0.199999580307494,0.727159030772007,0.762202387892254
0.244688820443694,0.485474165217629,0.223132345784729,0.418793838135229,0.970650541142254
0.850218493513195,0.139639223390728,0.271352871289849,0.671566275803824,0.464502851669063
0.801285073293774,0.0871966707402013,0.285618447118937,0.663198657642367,0.609520579950519
0.227823167008124,0.534460250887234,0.314219926982431,0.294742375036327,0.95407114780284
0.292754071780151,0.543200938321338,0.252727815688209,0.543305808509004,0.927034658725543
0.227478278176436,0.0469146300095645,0.885434435953656,0.704110551344207,0.172757670485997
0.887452502222523,0.305556583998454,0.30253657712215,0.704530976993408,0.576394640626832
0.0571980645930961,0.0436369650271660,0.920746570010003,0.860288930988236,0.0254003518784345
0.266693576688432,0.538733048695205,0.325064412090559,0.422623138406506,0.878081831078536
0.80987057319772,0.184107009814209,0.232145052131799,0.758499524008015,0.537200823630269
0.145205701959924,0.0948846886022595,0.807749624115708,0.89600238967153,0.0469521786954582
0.215220508901012,0.0595856365484379,0.904044411664119,0.764863619518031,0.119440383789412
0.1662314957027,0.145820600028671,0.999606282685266,0.741137317371418,0.123978335457351
0.807016746271118,0.122703854320618,0.153752405336426,0.765287545993967,0.677647933268028
0.240517323832379,0.120744028745223,0.92658886454004,0.654679894645918,0.171308418985101
0.750820980092652,0.0747003261873005,0.237175521138749,0.815823955319645,0.345801481643921
0.800765949930848,0.318421959062141,0.28467058275794,0.705688491318227,0.59850950996201
0.301473512115155,0.559923974607158,0.352466266819974,0.340585847887593,0.862505212194696
0.845758804152064,0.0413616668048446,0.265014136881358,0.686237643368715,0.742169163049163
0.280731825484577,0.0581290379692759,0.710832803670592,0.74915620701691,0.0388039621869978
0.219865556403732,0.173559110526998,0.881231920649511,0.801153279964116,0.148049436634122
0.28553217363579,0.0239509007867476,0.910702101303818,0.674322563975979,0.00105410570810074
0.101423670848732,0.486596285524479,0.347464685404874,0.412977982134876,0.94385416021351
0.351222869162768,0.526724887473892,0.248412054932065,0.357002316421441,0.904836636874833
0.253169341089938,0.474241006960615,0.265225986778804,0.353028178289341,0.911714302661512
0.143239735584245,-0.0183828393444715,1.0044662542913,0.757624224723617,0.0737570070017184
0.148882677117918,0.481051433574389,0.251158706925274,0.694551262536511,0.932456068972516
0.188922072323544,0.510966411169145,0.258753773821093,0.553533732734008,0.974072436662062
0.124879339905651,0.494377798154587,0.330756242707100,0.433274542242557,0.959431509806402
0.4297947067883,0.494053481855494,0.138210835037938,0.398271268027462,0.919966870854177
0.967049257729503,0.233540154563334,0.291065707355564,0.596209913477807,0.713165589735086
0.192839726797721,0.545857631306652,0.328817814580531,0.529754435573734,0.911256230186877
0.714436034650052,0.236097131880638,0.168073533835743,0.811909528778416,0.589708880328129
